%%MatrixMarket matrix coordinate real general
%
          100         100                 1932
           48          20  -1.0001736671595540E-006 
           49          20   3.5662473737888761E-006 
           50          20   2.1987496546892190E-006 
           51          20   2.1987474975879752E-006 
           52          20   3.5662418114391070E-006 
           53          20  -1.0001736671595501E-006 
           48          21   1.4263739124714308E-006 
           49          21   2.0711441287143702E-006 
           50          21   2.7826045837228359E-006 
           51          21   2.7826040804242964E-006 
           52          21   2.0711428308614686E-006 
           53          21   1.4263720200088138E-006 
           48          22   1.7499084946351945E-006 
           49          22   2.5409217397360215E-006 
           50          22   3.4137510190486545E-006 
           51          22   3.4137465011803367E-006 
           52          22   2.5409100889507317E-006 
           53          22   1.7498915047526200E-006 
           47          23   1.5009657381728021E-006 
           48          23   2.2485339658855065E-006 
           49          23   3.2649411313121643E-006 
           50          23   4.3864773406309123E-006 
           51          23   4.3864715017803970E-006 
           52          23   3.2649260735101492E-006 
           53          23   2.2485120060858318E-006 
           54          23   1.5009388081934942E-006 
           46          24   1.1254665191928866E-006 
           47          24   1.7142183704445199E-006 
           48          24   2.5680051297225031E-006 
           49          24   3.7288289328791602E-006 
           50          24   5.0097195998702384E-006 
           51          24   5.0097168630704913E-006 
           52          24   3.7288218751213163E-006 
           53          24   2.5679948374428543E-006 
           54          24   1.7142057495995374E-006 
           55          24   1.1254523136186928E-006 
           45          25   1.0228726988336175E-006 
           46          25   1.5742063578254838E-006 
           47          25   2.3976926479054571E-006 
           48          25   3.5918830456077615E-006 
           49          25   5.2155259199369175E-006 
           50          25   7.0071056765982094E-006 
           51          25   7.0070968788783284E-006 
           52          25   5.2155032308692374E-006 
           53          25   3.5918499537997578E-006 
           54          25   2.3976520619930559E-006 
           55          25   1.5741606633982584E-006 
           56          25   1.0228238373410859E-006 
           45          26   1.3797251761487076E-006 
           46          26   2.1234040579402117E-006 
           47          26   3.2341824212209921E-006 
           48          26   4.8449937778869011E-006 
           49          26   7.0350823256342523E-006 
           50          26   9.4516967949102094E-006 
           51          26   9.4516858971530729E-006 
           52          26   7.0350542198518558E-006 
           53          26   4.8449527821478566E-006 
           54          26   3.2341321358188067E-006 
           55          26   2.1233474337041885E-006 
           56          26   1.3796646145064938E-006 
           44          27   1.2727325608072436E-006 
           45          27   1.9727982341863025E-006 
           46          27   3.0361475494804782E-006 
           47          27   4.6243943595511445E-006 
           48          27   6.9276137785833043E-006 
           49          27   1.0059113270586444E-005 
           50          27   1.3514511437830637E-005 
           51          27   1.3514497530576575E-005 
           52          27   1.0059077402134527E-005 
           53          27   6.9275614548353004E-006 
           54          27   4.6243301714655346E-006 
           55          27   3.0360752568232221E-006 
           56          27   1.9727208968682263E-006 
           57          27   1.2726526462165790E-006 
           43          28   1.1678362828395420E-006 
           44          28   1.8196908759877109E-006 
           45          28   2.8206123861975327E-006 
           46          28   4.3409403311481995E-006 
           47          28   6.6117428575442370E-006 
           48          28   9.9047807387451135E-006 
           49          28   1.4382055923730499E-005 
           50          28   1.9322427193390694E-005 
           51          28   1.9322409591608398E-005 
           52          28   1.4382010525280287E-005 
           53          28   9.9047145058791726E-006 
           54          28   6.6116615960740880E-006 
           55          28   4.3408487915543107E-006 
           56          28   2.8205144350138095E-006 
           57          28   1.8195896292019094E-006 
           58          28   1.1677342431424295E-006 
           42          29   1.0998276297592600E-006 
           43          29   1.7205312279475730E-006 
           44          29   2.6808845514619870E-006 
           45          29   4.1555052440892648E-006 
           46          29   6.3953482076661140E-006 
           47          29   9.7408375812683585E-006 
           48          29   1.4592348443416214E-005 
           49          29   2.1188552236532976E-005 
           50          29   2.8467018209649446E-005 
           51          29   2.8466991629050854E-005 
           52          29   2.1188483676786896E-005 
           53          29   1.4592248403423584E-005 
           54          29   9.7407148174037734E-006 
           55          29   6.3952098747006337E-006 
           56          29   4.1553571661793786E-006 
           57          29   2.6807314182174925E-006 
           58          29   1.7203768051502053E-006 
           59          29   1.0996748089833825E-006 
           41          30   1.0783848399218426E-006 
           42          30   1.6925791622337376E-006 
           43          30   2.6478123621320639E-006 
           44          30   4.1257509660796420E-006 
           45          30   6.3951236122076167E-006 
           46          30   9.8421384833733875E-006 
           47          30   1.4990692855680083E-005 
           48          30   2.2456945797327941E-005 
           49          30   3.2608202009433815E-005 
           50          30   4.3809429790255753E-005 
           51          30   4.3809393926789836E-005 
           52          30   3.2608109499985065E-005 
           53          30   2.2456810773181712E-005 
           54          30   1.4990527108186182E-005 
           55          30   9.8419516233671629E-006 
           56          30   6.3949234655706887E-006 
           57          30   4.1255438246604319E-006 
           58          30   2.6476032763913160E-006 
           59          30   1.6923720052620566E-006 
           60          30   1.0781827708863358E-006 
           40          31   1.0450719217177472E-006 
           41          31   1.6435760567068954E-006 
           42          31   2.5796948908754538E-006 
           43          31   4.0356063089613989E-006 
           44          31   6.2881962016663992E-006 
           45          31   9.7470456528256445E-006 
           46          31   1.5000791378738317E-005 
           47          31   2.2847928011960974E-005 
           48          31   3.4227570398031822E-005 
           49          31   4.9699543829007427E-005 
           50          31   6.6771826727818814E-005 
           51          31   6.6771785540842608E-005 
           52          31   4.9699437584221285E-005 
           53          31   3.4227415302527031E-005 
           54          31   2.2847737593990849E-005 
           55          31   1.5000576649115762E-005 
           56          31   9.7468155793807653E-006 
           57          31   6.2879579879506885E-006 
           58          31   4.0353657360322073E-006 
           59          31   2.5794563889363642E-006 
           60          31   1.6433432466570608E-006 
           61          31   1.0448474300499161E-006 
           39          32   1.0248815068891796E-006 
           40          32   1.6154524056742078E-006 
           41          32   2.5406333647956771E-006 
           42          32   3.9877081547035639E-006 
           43          32   6.2382921191449027E-006 
           44          32   9.7204025820857862E-006 
           45          32   1.5067180525591144E-005 
           46          32   2.3188555632242733E-005 
           47          32   3.5318861276612980E-005 
           48          32   5.2909805141620466E-005 
           49          32   7.6826779684552530E-005 
           50          32   1.0321755597064161E-004 
           51          32   1.0321750895065690E-004 
           52          32   7.6826658389646729E-005 
           53          32   5.2909628048984467E-005 
           54          32   3.5318643815970523E-005 
           55          32   2.3188310343453822E-005 
           56          32   1.5066917624380148E-005 
           57          32   9.7201302669364574E-006 
           58          32   6.2380169679895230E-006 
           59          32   3.9874352046616593E-006 
           60          32   2.5403667409782281E-006 
           61          32   1.6151950962115664E-006 
           62          32   1.0246357519848697E-006 
           38          33   1.0153028729025338E-006 
           39          33   1.6029619753190099E-006 
           40          33   2.5266719758452402E-006 
           41          33   3.9737464519009506E-006 
           42          33   6.2371163008942265E-006 
           43          33   9.7572565969433104E-006 
           44          33   1.5203629860316386E-005 
           45          33   2.3566532836785844E-005 
           46          33   3.6269187760645317E-005 
           47          33   5.5242217063872841E-005 
           48          33   8.2756238604055993E-005 
           49          33   1.2016481410742088E-004 
           50          33   1.6144266913901463E-004 
           51          33   1.6144261585508547E-004 
           52          33   1.2016467665043564E-004 
           53          33   8.2756037884318626E-005 
           54          33   5.5241970551585770E-005 
           55          33   3.6268909632533236E-005 
           56          33   2.3566234645250903E-005 
           57          33   1.5203320868055199E-005 
           58          33   9.7569442338838200E-006 
           59          33   6.2368062522156872E-006 
           60          33   3.9734433822427401E-006 
           61          33   2.5263792594477373E-006 
           62          33   1.6026821470719801E-006 
           63          33   1.0150376732149587E-006 
           37          34   1.0250076958508702E-006 
           38          34   1.6128937446536547E-006 
           39          34   2.5464681993932817E-006 
           40          34   4.0139064235765524E-006 
           41          34   6.3127821368599938E-006 
           42          34   9.9084568002732809E-006 
           43          34   1.5500686303471455E-005 
           44          34   2.4153004740137042E-005 
           45          34   3.7438635911091759E-005 
           46          34   5.7618565688962127E-005 
           47          34   8.7759855465336791E-005 
           48          34   1.3146969649438083E-004 
           49          34   1.9089840954322800E-004 
           50          34   2.5647401291921249E-004 
           51          34   2.5647395046076587E-004 
           52          34   1.9089824841205300E-004 
           53          34   1.3146946113299409E-004 
           54          34   8.7759566318692094E-005 
           55          34   5.7618239295092445E-005 
           56          34   3.7438285754907329E-005 
           57          34   2.4152641613195443E-005 
           58          34   1.5500318857394031E-005 
           59          34   9.9080916452761481E-006 
           60          34   6.3124247146759056E-006 
           61          34   4.0135606602390098E-006 
           62          34   2.5461370559853982E-006 
           63          34   1.6125792639262634E-006 
           64          34   1.0246968345206505E-006 
           36          35   1.0067170171854109E-006 
           37          35   1.5900517983067294E-006 
           38          35   2.5020595439213034E-006 
           39          35   3.9503486301309908E-006 
           40          35   6.2268435466230076E-006 
           41          35   9.7931830672518104E-006 
           42          35   1.5371302102729981E-005 
           43          35   2.4046761530948439E-005 
           44          35   3.7469466494581167E-005 
           45          35   5.8080025210766661E-005 
           46          35   8.9385999919673929E-005 
           47          35   1.3614545155560135E-004 
           48          35   2.0395436711042927E-004 
           49          35   2.9614862969874333E-004 
           50          35   3.9787882536585514E-004 
           51          35   3.9787875934075190E-004 
           52          35   2.9614845936752301E-004 
           53          35   2.0395411831541216E-004 
           54          35   1.3614514591308511E-004 
           55          35   8.9385654917587202E-005 
           56          35   5.8079655108547797E-005 
           57          35   3.7469082704689841E-005 
           58          35   2.4046373202931239E-005 
           59          35   1.5370916228016542E-005 
           60          35   9.7928053991030723E-006 
           61          35   6.2264782364757537E-006 
           62          35   3.9499988080467192E-006 
           63          35   2.5017273678494232E-006 
           64          35   1.5897218394569424E-006 
           65          35   1.0063935561475433E-006 
           35          36   1.0067170171854109E-006 
           36          36   1.5837216464929972E-006 
           37          36   2.5014506514956768E-006 
           38          36   3.9362483418839793E-006 
           39          36   6.2147524654258729E-006 
           40          36   9.7962250098878031E-006 
           41          36   1.5406935438164572E-005 
           42          36   2.4182661868258293E-005 
           43          36   3.7831253917023615E-005 
           44          36   5.8948410901604245E-005 
           45          36   9.1373799041335031E-005 
           46          36   1.4062566074723244E-004 
           47          36   2.1418957475445412E-004 
           48          36   3.2086937976844997E-004 
           49          36   4.6591322570563922E-004 
           50          36   6.2595940131309868E-004 
           51          36   6.2595932900886284E-004 
           52          36   4.6591303917391979E-004 
           53          36   3.2086910727478069E-004 
           54          36   2.1418923995764671E-004 
           55          36   1.4062528275959389E-004 
           56          36   9.1373393451875715E-005 
           57          36   5.8947990176238545E-005 
           58          36   3.7830828047269528E-005 
           59          36   2.4182238484556728E-005 
           60          36   1.5406520826243540E-005 
           61          36   9.7958237001018179E-006 
           62          36   6.2143678786520806E-006 
           63          36   3.9358664472897520E-006 
           64          36   2.5010753107493625E-006 
           65          36   1.5833544704785128E-006 
           66          36   1.0063935561475444E-006 
           34          37   1.0250076958508702E-006 
           35          37   1.5900517983067294E-006 
           36          37   2.5014506514956768E-006 
           37          37   3.9510918199858653E-006 
           38          37   6.2174336766776972E-006 
           39          37   9.8164589907808234E-006 
           40          37   1.5473608769950312E-005 
           41          37   2.4336064217632306E-005 
           42          37   3.8197856123241541E-005 
           43          37   5.9756637023074815E-005 
           44          37   9.3112471941941472E-005 
           45          37   1.4433034725548334E-004 
           46          37   2.2212666233413459E-004 
           47          37   3.3832534376049853E-004 
           48          37   5.0683258980414858E-004 
           49          37   7.3593817249080593E-004 
           50          37   9.8874085153020648E-004 
           51          37   9.8874077317231512E-004 
           52          37   7.3593797034102442E-004 
           53          37   5.0683229445967325E-004 
           54          37   3.3832498084941870E-004 
           55          37   2.2212625253046294E-004 
           56          37   1.4432990742758813E-004 
           57          37   9.3112015567923658E-005 
           58          37   5.9756174902982290E-005 
           59          37   3.8197396500934469E-005 
           60          37   2.4335613889412171E-005 
           61          37   1.5473172629003546E-005 
           62          37   9.8160245056424025E-006 
           63          37   6.2170061194133036E-006 
           64          37   3.9506720290291449E-006 
           65          37   2.5010753107493570E-006 
           66          37   1.5897218394569418E-006 
           67          37   1.0246968345206549E-006 
           33          38   1.0153028729025338E-006 
           34          38   1.6128937446536547E-006 
           35          38   2.5020595439213034E-006 
           36          38   3.9362483418839793E-006 
           37          38   6.2174336766776972E-006 
           38          38   9.7838701006780931E-006 
           39          38   1.5447419402355642E-005 
           40          38   2.4349706431611799E-005 
           41          38   3.8295986111255964E-005 
           42          38   6.0109405195666987E-005 
           43          38   9.4035088365889316E-005 
           44          38   1.4652504759654365E-004 
           45          38   2.2712336680531751E-004 
           46          38   3.4954648992638468E-004 
           47          38   5.3240097893985587E-004 
           48          38   7.9757013441026986E-004 
           49          38   1.1580990442426416E-003 
           50          38   1.5559185743880574E-003 
           51          38   1.5559184904419961E-003 
           52          38   1.1580988276767067E-003 
           53          38   7.9756981797046928E-004 
           54          38   5.3240059007306608E-004 
           55          38   3.4954605074518025E-004 
           56          38   2.2712289535756336E-004 
           57          38   1.4652455829235531E-004 
           58          38   9.4034592749396050E-005 
           59          38   6.0108912075292829E-005 
           60          38   3.8295502752038580E-005 
           61          38   2.4349221971573917E-005 
           62          38   1.5446940524120388E-005 
           63          38   9.7833993419228037E-006 
           64          38   6.2170061194133053E-006 
           65          38   3.9358664472897410E-006 
           66          38   2.5017273678494148E-006 
           67          38   1.6125792639262645E-006 
           68          38   1.0150376732149551E-006 
           32          39   1.0248815068891796E-006 
           33          39   1.6029619753190099E-006 
           34          39   2.5464681993932817E-006 
           35          39   3.9503486301309908E-006 
           36          39   6.2147524654258729E-006 
           37          39   9.8164589907808234E-006 
           38          39   1.5447419402355642E-005 
           39          39   2.4389537908511156E-005 
           40          39   3.8445199482763995E-005 
           41          39   6.0464733820814975E-005 
           42          39   9.4905567778503128E-005 
           43          39   1.4847025107360252E-004 
           44          39   2.3134575577008948E-004 
           45          39   3.5860107375836568E-004 
           46          39   5.5189286498104329E-004 
           47          39   8.4059871344220529E-004 
           48          39   1.2592697898472433E-003 
           49          39   1.8285027618747010E-003 
           50          39   2.4566132655981371E-003 
           51          39   2.4566131765370674E-003 
           52          39   1.8285025321142533E-003 
           53          39   1.2592694540961326E-003 
           54          39   8.4059830081285750E-004 
           55          39   5.5189239889906342E-004 
           56          39   3.5860057334929766E-004 
           57          39   2.3134523629428030E-004 
           58          39   1.4846972475352274E-004 
           59          39   9.4905043937294138E-005 
           60          39   6.0464204064756496E-005 
           61          39   3.8444672111344193E-005 
           62          39   2.4389017004485107E-005 
           63          39   1.5446940524120426E-005 
           64          39   9.8160245056423855E-006 
           65          39   6.2143678786520704E-006 
           66          39   3.9499988080467124E-006 
           67          39   2.5461370559853936E-006 
           68          39   1.6026821470719775E-006 
           69          39   1.0246357519848703E-006 
           31          40   1.0450719217177472E-006 
           32          40   1.6154524056742078E-006 
           33          40   2.5266719758452402E-006 
           34          40   4.0139064235765524E-006 
           35          40   6.2268435466230076E-006 
           36          40   9.7962250098878031E-006 
           37          40   1.5473608769950312E-005 
           38          40   2.4349706431611799E-005 
           39          40   3.8445199482763995E-005 
           40          40   6.0601247954994588E-005 
           41          40   9.5310767447444658E-005 
           42          40   1.4960006583647617E-004 
           43          40   2.3403440854655481E-004 
           44          40   3.6467158305850849E-004 
           45          40   5.6526493505240335E-004 
           46          40   8.6995199206018258E-004 
           47          40   1.3250408220235044E-003 
           48          40   1.9849946495993720E-003 
           49          40   2.8822801302936219E-003 
           50          40   3.8723746360941284E-003 
           51          40   3.8723745441467321E-003 
           52          40   2.8822798930892330E-003 
           53          40   1.9849943029910853E-003 
           54          40   1.3250403960774152E-003 
           55          40   8.6995151098418736E-004 
           56          40   5.6526441860846159E-004 
           57          40   3.6467104702071442E-004 
           58          40   2.3403386555017968E-004 
           59          40   1.4959952552246998E-004 
           60          40   9.5310218034327945E-005 
           61          40   6.0600697528559404E-005 
           62          40   3.8444672111344193E-005 
           63          40   2.4349221971573890E-005 
           64          40   1.5473172629003559E-005 
           65          40   9.7958237001018043E-006 
           66          40   6.2264782364757486E-006 
           67          40   4.0135606602390090E-006 
           68          40   2.5263792594477377E-006 
           69          40   1.6151950962115664E-006 
           70          40   1.0448474300499174E-006 
           30          41   1.0783848399218426E-006 
           31          41   1.6435760567068954E-006 
           32          41   2.5406333647956771E-006 
           33          41   3.9737464519009506E-006 
           34          41   6.3127821368599938E-006 
           35          41   9.7931830672518104E-006 
           36          41   1.5406935438164572E-005 
           37          41   2.4336064217632306E-005 
           38          41   3.8295986111255964E-005 
           39          41   6.0464733820814975E-005 
           40          41   9.5310767447444658E-005 
           41          41   1.4990041145109087E-004 
           42          41   2.3528420153885466E-004 
           43          41   3.6807880111542192E-004 
           44          41   5.7353917338004543E-004 
           45          41   8.8902353022495646E-004 
           46          41   1.3682218653484183E-003 
           47          41   2.0839654600846315E-003 
           48          41   3.1219116655094013E-003 
           49          41   4.5331226021150762E-003 
           50          41   6.0902994758458952E-003 
           51          41   6.0902993801900075E-003 
           52          41   4.5331223553456866E-003 
           53          41   3.1219113048956974E-003 
           54          41   2.0839650169007227E-003 
           55          41   1.3682213647476429E-003 
           56          41   8.8902299274691468E-004 
           57          41   5.7353861541016018E-004 
           58          41   3.6807823577599973E-004 
           59          41   2.3528361948721123E-004 
           60          41   1.4989982236555502E-004 
           61          41   9.5310218034328094E-005 
           62          41   6.0464204064756537E-005 
           63          41   3.8295502752038580E-005 
           64          41   2.4335613889412157E-005 
           65          41   1.5406520826243523E-005 
           66          41   9.7928053991030503E-006 
           67          41   6.3124247146759022E-006 
           68          41   3.9734433822427486E-006 
           69          41   2.5403667409782281E-006 
           70          41   1.6433432466570608E-006 
           71          41   1.0781827708863349E-006 
           29          42   1.0998276297592600E-006 
           30          42   1.6925791622337376E-006 
           31          42   2.5796948908754538E-006 
           32          42   3.9877081547035639E-006 
           33          42   6.2371163008942265E-006 
           34          42   9.9084568002732809E-006 
           35          42   1.5371302102729981E-005 
           36          42   2.4182661868258293E-005 
           37          42   3.8197856123241541E-005 
           38          42   6.0109405195666987E-005 
           39          42   9.4905567778503128E-005 
           40          42   1.4960006583647617E-004 
           41          42   2.3528420153885466E-004 
           42          42   3.6930306001507865E-004 
           43          42   5.7773808943011864E-004 
           44          42   9.0022968488998316E-004 
           45          42   1.3954154611129923E-003 
           46          42   2.1475674919454097E-003 
           47          42   3.2710021087794024E-003 
           48          42   4.9001675040032744E-003 
           49          42   7.1152110294376725E-003 
           50          42   9.5593634029139118E-003 
           51          42   9.5593633047627771E-003 
           52          42   7.1152107762340547E-003 
           53          42   4.9001671339607413E-003 
           54          42   3.2710016539854734E-003 
           55          42   2.1475669781816057E-003 
           56          42   1.3954149094376257E-003 
           57          42   9.0022911209357997E-004 
           58          42   5.7773750895685077E-004 
           59          42   3.6930244448494078E-004 
           60          42   2.3528361948721113E-004 
           61          42   1.4959952552247050E-004 
           62          42   9.4905043937294179E-005 
           63          42   6.0108912075292897E-005 
           64          42   3.8197396500934482E-005 
           65          42   2.4182238484556684E-005 
           66          42   1.5370916228016495E-005 
           67          42   9.9080916452761397E-006 
           68          42   6.2368062522156812E-006 
           69          42   3.9874352046616568E-006 
           70          42   2.5794563889363655E-006 
           71          42   1.6923720052620566E-006 
           72          42   1.0996748089833831E-006 
           28          43   1.1678362828395420E-006 
           29          43   1.7205312279475730E-006 
           30          43   2.6478123621320639E-006 
           31          43   4.0356063089613989E-006 
           32          43   6.2382921191449027E-006 
           33          43   9.7572565969433104E-006 
           34          43   1.5500686303471455E-005 
           35          43   2.4046761530948439E-005 
           36          43   3.7831253917023615E-005 
           37          43   5.9756637023074815E-005 
           38          43   9.4035088365889316E-005 
           39          43   1.4847025107360252E-004 
           40          43   2.3403440854655481E-004 
           41          43   3.6807880111542192E-004 
           42          43   5.7773808943011864E-004 
           43          43   9.0381423869691278E-004 
           44          43   1.4083206146960855E-003 
           45          43   2.1829900613765684E-003 
           46          43   3.3596579421248953E-003 
           47          43   5.1171609138403731E-003 
           48          43   7.6658299497624743E-003 
           49          43   1.1131047699639690E-002 
           50          43   1.4954683716173076E-002 
           51          43   1.4954683618450376E-002 
           52          43   1.1131047447543868E-002 
           53          43   7.6658295813661270E-003 
           54          43   5.1171604611033351E-003 
           55          43   3.3596574307461595E-003 
           56          43   2.1829895123437089E-003 
           57          43   1.4083200447512320E-003 
           58          43   9.0381364755737095E-004 
           59          43   5.7773750895685132E-004 
           60          43   3.6807823577600027E-004 
           61          43   2.3403386555017968E-004 
           62          43   1.4846972475352266E-004 
           63          43   9.4034592749396023E-005 
           64          43   5.9756174902982249E-005 
           65          43   3.7830828047269453E-005 
           66          43   2.4046373202931215E-005 
           67          43   1.5500318857394058E-005 
           68          43   9.7569442338838234E-006 
           69          43   6.2380169679895213E-006 
           70          43   4.0353657360321988E-006 
           71          43   2.6476032763913088E-006 
           72          43   1.7203768051502043E-006 
           73          43   1.1677342431424291E-006 
           27          44   1.2727325608072436E-006 
           28          44   1.8196908759877109E-006 
           29          44   2.6808845514619870E-006 
           30          44   4.1257509660796420E-006 
           31          44   6.2881962016663992E-006 
           32          44   9.7204025820857862E-006 
           33          44   1.5203629860316386E-005 
           34          44   2.4153004740137042E-005 
           35          44   3.7469466494581167E-005 
           36          44   5.8948410901604245E-005 
           37          44   9.3112471941941472E-005 
           38          44   1.4652504759654365E-004 
           39          44   2.3134575577008948E-004 
           40          44   3.6467158305850849E-004 
           41          44   5.7353917338004543E-004 
           42          44   9.0022968488998316E-004 
           43          44   1.4083206146960855E-003 
           44          44   2.1944410616195125E-003 
           45          44   3.4015288214118743E-003 
           46          44   5.2350094269597103E-003 
           47          44   7.9735456483345946E-003 
           48          44   1.1944874619255703E-002 
           49          44   1.7344367234235419E-002 
           50          44   2.3302346196887678E-002 
           51          44   2.3302346100012812E-002 
           52          44   1.7344366984329618E-002 
           53          44   1.1944874254041601E-002 
           54          44   7.9735451994943900E-003 
           55          44   5.2350089199501787E-003 
           56          44   3.4015282770270198E-003 
           57          44   2.1944404815817274E-003 
           58          44   1.4083200447512303E-003 
           59          44   9.0022911209357954E-004 
           60          44   5.7353861541016181E-004 
           61          44   3.6467104702071561E-004 
           62          44   2.3134523629428071E-004 
           63          44   1.4652455829235550E-004 
           64          44   9.3112015567923888E-005 
           65          44   5.8947990176238511E-005 
           66          44   3.7469082704689861E-005 
           67          44   2.4152641613195494E-005 
           68          44   1.5203320868055214E-005 
           69          44   9.7201302669364743E-006 
           70          44   6.2879579879506885E-006 
           71          44   4.1255438246604310E-006 
           72          44   2.6807314182174959E-006 
           73          44   1.8195896292019114E-006 
           74          44   1.2726526462165805E-006 
           25          45   1.0228726988336175E-006 
           26          45   1.3797251761487076E-006 
           27          45   1.9727982341863025E-006 
           28          45   2.8206123861975327E-006 
           29          45   4.1555052440892648E-006 
           30          45   6.3951236122076167E-006 
           31          45   9.7470456528256445E-006 
           32          45   1.5067180525591144E-005 
           33          45   2.3566532836785844E-005 
           34          45   3.7438635911091759E-005 
           35          45   5.8080025210766661E-005 
           36          45   9.1373799041335031E-005 
           37          45   1.4433034725548334E-004 
           38          45   2.2712336680531751E-004 
           39          45   3.5860107375836568E-004 
           40          45   5.6526493505240335E-004 
           41          45   8.8902353022495646E-004 
           42          45   1.3954154611129923E-003 
           43          45   2.1829900613765684E-003 
           44          45   3.4015288214118743E-003 
           45          45   5.2725948391274171E-003 
           46          45   8.1146112373959509E-003 
           47          45   1.2359523809901529E-002 
           48          45   1.8515346815660777E-002 
           49          45   2.6884918084551755E-002 
           50          45   3.6120180198315407E-002 
           51          45   3.6120180104646037E-002 
           52          45   2.6884917842918733E-002 
           53          45   1.8515346462517842E-002 
           54          45   1.2359523375883068E-002 
           55          45   8.1146107470965803E-003 
           56          45   5.2725942944381338E-003 
           57          45   3.4015282770270138E-003 
           58          45   2.1829895123437128E-003 
           59          45   1.3954149094376257E-003 
           60          45   8.8902299274691554E-004 
           61          45   5.6526441860846170E-004 
           62          45   3.5860057334929864E-004 
           63          45   2.2712289535756352E-004 
           64          45   1.4432990742758829E-004 
           65          45   9.1373393451875620E-005 
           66          45   5.8079655108547715E-005 
           67          45   3.7438285754907370E-005 
           68          45   2.3566234645250930E-005 
           69          45   1.5066917624380164E-005 
           70          45   9.7468155793807619E-006 
           71          45   6.3949234655706803E-006 
           72          45   4.1553571661793888E-006 
           73          45   2.8205144350138112E-006 
           74          45   1.9727208968682276E-006 
           75          45   1.3796646145064959E-006 
           76          45   1.0228238373410866E-006 
           24          46   1.1254665191928866E-006 
           25          46   1.5742063578254838E-006 
           26          46   2.1234040579402117E-006 
           27          46   3.0361475494804782E-006 
           28          46   4.3409403311481995E-006 
           29          46   6.3953482076661140E-006 
           30          46   9.8421384833733875E-006 
           31          46   1.5000791378738317E-005 
           32          46   2.3188555632242733E-005 
           33          46   3.6269187760645317E-005 
           34          46   5.7618565688962127E-005 
           35          46   8.9385999919673929E-005 
           36          46   1.4062566074723244E-004 
           37          46   2.2212666233413459E-004 
           38          46   3.4954648992638468E-004 
           39          46   5.5189286498104329E-004 
           40          46   8.6995199206018258E-004 
           41          46   1.3682218653484183E-003 
           42          46   2.1475674919454097E-003 
           43          46   3.3596579421248953E-003 
           44          46   5.2350094269597103E-003 
           45          46   8.1146112373959509E-003 
           46          46   1.2488521939080413E-002 
           47          46   1.9021513227979490E-002 
           48          46   2.8495427572310945E-002 
           49          46   4.1376337439477634E-002 
           50          46   5.5589559971464787E-002 
           51          46   5.5589559884093198E-002 
           52          46   4.1376337214095248E-002 
           53          46   2.8495427242903063E-002 
           54          46   1.9021512823123924E-002 
           55          46   1.2488521467815004E-002 
           56          46   8.1146107470965699E-003 
           57          46   5.2350089199501744E-003 
           58          46   3.3596574307461599E-003 
           59          46   2.1475669781816117E-003 
           60          46   1.3682213647476429E-003 
           61          46   8.6995151098418736E-004 
           62          46   5.5189239889906429E-004 
           63          46   3.4954605074518161E-004 
           64          46   2.2212625253046302E-004 
           65          46   1.4062528275959378E-004 
           66          46   8.9385654917587202E-005 
           67          46   5.7618239295092479E-005 
           68          46   3.6268909632533209E-005 
           69          46   2.3188310343453849E-005 
           70          46   1.5000576649115782E-005 
           71          46   9.8419516233671747E-006 
           72          46   6.3952098747006328E-006 
           73          46   4.3408487915543022E-006 
           74          46   3.0360752568232267E-006 
           75          46   2.1233474337041890E-006 
           76          46   1.5741606633982573E-006 
           77          46   1.1254523136186940E-006 
           23          47   1.5009657381728021E-006 
           24          47   1.7142183704445199E-006 
           25          47   2.3976926479054571E-006 
           26          47   3.2341824212209921E-006 
           27          47   4.6243943595511445E-006 
           28          47   6.6117428575442370E-006 
           29          47   9.7408375812683585E-006 
           30          47   1.4990692855680083E-005 
           31          47   2.2847928011960974E-005 
           32          47   3.5318861276612980E-005 
           33          47   5.5242217063872841E-005 
           34          47   8.7759855465336791E-005 
           35          47   1.3614545155560135E-004 
           36          47   2.1418957475445412E-004 
           37          47   3.3832534376049853E-004 
           38          47   5.3240097893985587E-004 
           39          47   8.4059871344220529E-004 
           40          47   1.3250408220235044E-003 
           41          47   2.0839654600846315E-003 
           42          47   3.2710021087794024E-003 
           43          47   5.1171609138403731E-003 
           44          47   7.9735456483345946E-003 
           45          47   1.2359523809901529E-002 
           46          47   1.9021513227979490E-002 
           47          47   2.8972040787473567E-002 
           48          47   4.3401946078378953E-002 
           49          47   6.3021113275223320E-002 
           50          47   8.4669552106015983E-002 
