%%MatrixMarket matrix coordinate real general
%
6 6 36
1 1 1.635761432500000e+00
1 2 4.699515666000000e-01
1 3 5.378536940000000e-02
1 4 -5.406036600000000e-03
1 5 1.470901169000000e-01
1 6 1.471757999000000e-01
2 1 4.699515666000000e-01
2 2 1.521962581700000e+00
2 3 6.618744400000000e-02
2 4 3.179234870000000e-02
2 5 -2.967075125000000e-01
2 6 -4.074501852000000e-01
3 1 5.378536940000000e-02
3 2 6.618744400000000e-02
3 3 9.285507304000000e-01
3 4 -2.354307239000000e-01
3 5 -5.340636831000000e-01
3 6 4.530069929000000e-01
4 1 -5.406036600000000e-03
4 2 3.179234870000000e-02
4 3 -2.354307239000000e-01
4 4 1.947640768500000e+00
4 5 -1.053513371000000e-01
4 6 1.133500345000000e-01
5 1 1.470901169000000e-01
5 2 -2.967075125000000e-01
5 3 -5.340636831000000e-01
5 4 -1.053513371000000e-01
5 5 4.241389087000000e-01
5 6 -1.711821722000000e-01
6 1 1.471757999000000e-01
6 2 -4.074501852000000e-01
6 3 4.530069929000000e-01
6 4 1.133500345000000e-01
6 5 -1.711821722000000e-01
6 6 4.238815396000000e-01
