%%MatrixMarket matrix coordinate real general
%
7 7 49
2 2 6.094757118000000e-01
3 2 -2.690045267000000e-02
3 3 2.106487729000000e+00
4 2 -5.241798506000000e-02
4 3 -4.511462667000000e-01
4 4 2.005784202000000e+00
5 2 -5.732978015000000e-01
5 3 -1.259888466000000e-02
5 4 6.854231971999999e-02
5 5 7.967815561000000e-01
6 2 -1.088374806000000e-01
6 3 1.258424331000000e-03
6 4 -6.867895958000000e-03
6 5 -2.633623128000000e-01
6 6 1.941325716000000e+00
7 2 -4.353424708000000e-01
7 3 -1.098595536000000e-01
7 4 5.982628524000000e-01
7 5 4.623518947000000e-02
7 6 3.839624157000000e-02
7 7 1.221313853000000e+00
2 1 -1.634988977000000e-01
3 1 -2.693331875000000e-02
4 1 -5.253466703000000e-02
5 1 4.599149338000000e-01
6 1 1.200900807000000e-01
7 1 -5.513198865000000e-01
1 1 6.092430308000000e-01
2 3 -2.690045267000000e-02
2 4 -5.241798506000000e-02
3 4 -4.511462667000000e-01
2 5 -5.732978015000000e-01
3 5 -1.259888466000000e-02
4 5 6.854231971999999e-02
2 6 -1.088374806000000e-01
3 6 1.258424331000000e-03
4 6 -6.867895958000000e-03
5 6 -2.633623128000000e-01
2 7 -4.353424708000000e-01
3 7 -1.098595536000000e-01
4 7 5.982628524000000e-01
5 7 4.623518947000000e-02
6 7 3.839624157000000e-02
1 2 -1.634988977000000e-01
1 3 -2.693331875000000e-02
1 4 -5.253466703000000e-02
1 5 4.599149338000000e-01
1 6 1.200900807000000e-01
1 7 -5.513198865000000e-01
