%%MatrixMarket matrix coordinate real general
%
7 7 49
2 2 6.009270946000000e-01
3 2 -2.843227248000000e-02
3 3 2.106257729000000e+00
4 2 -3.406096648000000e-02
4 3 -4.460319783000000e-01
4 4 1.967310168000000e+00
5 2 4.346215424000000e-02
5 3 8.587027576000000e-02
5 4 -4.884878798000000e-01
5 5 1.051148000000000e+00
6 2 -4.269315166000000e-04
6 3 -9.806904005000000e-05
6 4 5.578826678000000e-04
6 5 5.426309141000000e-04
6 6 1.999999380000000e+00
7 2 -7.161667184000000e-01
7 3 -6.646389623000000e-02
7 4 3.780913640000000e-01
7 5 -2.442820016000000e-01
7 6 -4.199982700000000e-04
7 7 9.246147635000000e-01
2 1 -1.911962924000000e-01
3 1 -2.843226682000000e-02
4 1 -3.406094470000000e-02
5 1 7.041892255000000e-01
6 1 -4.269314840000000e-04
7 1 1.374819517000000e-01
1 1 6.009271407000000e-01
2 3 -2.843227248000000e-02
2 4 -3.406096648000000e-02
3 4 -4.460319783000000e-01
2 5 4.346215424000000e-02
3 5 8.587027576000000e-02
4 5 -4.884878798000000e-01
2 6 -4.269315166000000e-04
3 6 -9.806904005000000e-05
4 6 5.578826678000000e-04
5 6 5.426309141000000e-04
2 7 -7.161667184000000e-01
3 7 -6.646389623000000e-02
4 7 3.780913640000000e-01
5 7 -2.442820016000000e-01
6 7 -4.199982700000000e-04
1 2 -1.911962924000000e-01
1 3 -2.843226682000000e-02
1 4 -3.406094470000000e-02
1 5 7.041892255000000e-01
1 6 -4.269314840000000e-04
1 7 1.374819517000000e-01
