%%MatrixMarket matrix coordinate real general
%
7 7 37
2 2 -5.785900427000000e-01
3 2 -1.195135233000000e+00
3 3 -2.023292169000000e+01
4 2 -1.024277492000000e+00
4 3 -5.163068093000000e+00
4 4 -2.445991424000000e+00
5 2 -4.861707034000000e-02
5 3 -2.326368055000000e-02
5 4 -1.003811603000000e-01
5 5 -3.394311270000000e-01
6 6 -3.912391622000000e-01
7 2 5.382247751000000e-01
7 3 1.800617327000000e-02
7 4 7.769540563000001e-02
7 5 1.578226704000000e-02
7 7 -3.312562808000000e-01
2 1 -3.937061542000000e-01
3 1 -1.195134951000000e+00
4 1 -1.024277325000000e+00
5 1 -5.332230934000000e-01
7 1 -8.787840778000000e-02
1 1 -5.785899060000000e-01
2 3 -1.195135233000000e+00
2 4 -1.024277492000000e+00
3 4 -5.163068093000000e+00
2 5 -4.861707034000000e-02
3 5 -2.326368055000000e-02
4 5 -1.003811603000000e-01
2 7 5.382247751000000e-01
3 7 1.800617327000000e-02
4 7 7.769540563000001e-02
5 7 1.578226704000000e-02
1 2 -3.937061542000000e-01
1 3 -1.195134951000000e+00
1 4 -1.024277325000000e+00
1 5 -5.332230934000000e-01
1 7 -8.787840778000000e-02
