%%MatrixMarket matrix coordinate real general
%
7 7 49
2 2 -3.754947581000000e-01
3 2 -9.881448740000000e-01
3 3 -1.825581467000000e+01
4 2 -7.034129641000000e-01
4 3 -4.749964556000000e+00
4 4 -1.916904446000000e+00
5 2 2.550772876000000e-01
5 3 2.419664904000000e-03
5 4 1.788862373000000e-02
5 5 -1.900116028000000e-01
6 2 4.881815026000000e-02
6 3 -2.437138911000000e-04
6 4 -1.818608857000000e-03
6 5 -3.037574798000000e-02
6 6 -5.822690648000000e-02
7 2 1.829102247000000e-01
7 3 2.116328461000000e-02
7 4 1.568834041000000e-01
7 5 6.701273016000000e-03
7 6 4.310513000000000e-03
7 7 -1.298493345000000e-01
2 1 -2.485616720000000e-01
3 1 -9.894640517000000e-01
4 1 -7.041285160000000e-01
5 1 -2.072789959000000e-01
6 1 -5.363162713000000e-02
7 1 2.349776275000000e-01
1 1 -3.759864922000000e-01
2 3 -9.881448740000000e-01
2 4 -7.034129641000000e-01
3 4 -4.749964556000000e+00
2 5 2.550772876000000e-01
3 5 2.419664904000000e-03
4 5 1.788862373000000e-02
2 6 4.881815026000000e-02
3 6 -2.437138911000000e-04
4 6 -1.818608857000000e-03
5 6 -3.037574798000000e-02
2 7 1.829102247000000e-01
3 7 2.116328461000000e-02
4 7 1.568834041000000e-01
5 7 6.701273016000000e-03
6 7 4.310513000000000e-03
1 2 -2.485616720000000e-01
1 3 -9.894640517000000e-01
1 4 -7.041285160000000e-01
1 5 -2.072789959000000e-01
1 6 -5.363162713000000e-02
1 7 2.349776275000000e-01
