%%MatrixMarket matrix coordinate real general
%
7 7 31
2 2 1.000000000000000e+00
3 2 4.874603797000000e-02
3 3 1.000000000000000e+00
4 2 4.471153103000000e-01
4 3 2.367039365000000e-01
4 4 1.000000000000000e+00
5 2 -3.245425923000000e-01
5 5 1.000000000000000e+00
6 2 -6.391015858000000e-02
6 6 1.000000000000000e+00
7 2 -1.833351768000000e-01
7 7 1.000000000000000e+00
2 1 2.117212068000000e-01
3 1 4.881149317000000e-02
4 1 4.474733584000000e-01
5 1 2.748523685000000e-01
6 1 6.890238438000000e-02
7 1 -2.507743924000000e-01
1 1 1.000000000000000e+00
2 3 4.874603797000000e-02
2 4 4.471153103000000e-01
3 4 2.367039365000000e-01
2 5 -3.245425923000000e-01
2 6 -6.391015858000000e-02
2 7 -1.833351768000000e-01
1 2 2.117212068000000e-01
1 3 4.881149317000000e-02
1 4 4.474733584000000e-01
1 5 2.748523685000000e-01
1 6 6.890238438000000e-02
1 7 -2.507743924000000e-01
