%%MatrixMarket matrix coordinate real general
%
7 7 49
1 1 -20.25347350882257
1 2 -5.165217418970458
1 3 -0.0203070033441316
1 4 -0.02030700334413158
1 5 -5.521519212488228e-22
1 6 -1.081638325907527
1 7 -1.081638325907527
2 1 -5.165217418970458
2 2 -2.443012374890067
2 3 -0.08727871855177764
2 4 -0.0872787185517775
2 5 -1.59670496225417e-22
2 6 -0.9593043432903939
2 7 -0.9593043432903942
3 1 -0.0203070033441316
3 2 -0.08727871855177764
3 3 -0.3092222248229185
3 4 -0.02655763888407738
3 5 1.970677627776589e-20
3 6 -0.5352828730107411
3 7 -0.03729266641622403
4 1 -0.02030700334413158
4 2 -0.0872787185517775
4 3 -0.02655763888407738
4 4 -0.3092222248229184
4 5 -1.490924939297438e-20
4 6 -0.03729266641622395
4 7 -0.5352828730107404
5 1 -5.521519212488228e-22
5 2 -1.59670496225417e-22
5 3 1.970677627776589e-20
5 4 -1.490924939297438e-20
5 5 -0.3974903980178788
5 6 -9.95519995766974e-21
5 7 6.485607822206204e-21
6 1 -1.081638325907527
6 2 -0.9593043432903939
6 3 -0.5352828730107411
6 4 -0.03729266641622395
6 5 -9.95519995766974e-21
6 6 -0.5387670686906536
6 7 -0.4131050052509069
7 1 -1.081638325907527
7 2 -0.9593043432903942
7 3 -0.03729266641622403
7 4 -0.5352828730107404
7 5 6.485607822206204e-21
7 6 -0.4131050052509069
7 7 -0.5387670686906514
